t_num_prod=[33,90,178,216]
t_ocioso_seq=[47.6662,81.5548,305.4,340.358]
t_medProd_seq=[1.51591,0.973464,1.77754,1.63987]
t_total_seq=[50.0249,87.6118,316.402,354.212]
t_ocioso_par_3_3=[58.9774,146.47,281.832,365.421]
t_medProd_par_3_3=[0.684618,0.553316,0.534241,0.566174]
t_total_par_3_3=[22.5924,49.7984,95.0949,122.294]
t_ocioso_dis_1=[60.2152,168.18,333.796,454.519]
t_ocioso_dis_2=[32.0191,90.0839,202.565,269.897]
t_ocioso_dis_3=[23.04,60.1019,159.073,154.469]
t_ocioso_dis_4=[16.9147,49.6238,105.018,124.932]
t_ocioso_dis_5=[11.978,43.2922,77.383,109.053]
t_ocioso_dis_6=[11.0729,37.0383,79.1058,99.3294]
t_ocioso_dis_7=[12.0187,31.753,66.6282,82.9702]
t_medProd_dis_1=[1.09389,1.02553,1.02753,1.10602]
t_medProd_dis_2=[0.375824,0.351161,0.363493,0.393484]
t_medProd_dis_3=[0.24852,0.217793,0.242519,0.209929]
t_medProd_dis_4=[0.172867,0.172247,0.158582,0.151773]
t_medProd_dis_5=[0.102936,0.142198,0.126536,0.115807]
t_medProd_dis_6=[0.115057,0.116644,0.108899,0.110074]
t_medProd_dis_7=[0.112312,0.0887869,0.0827885,0.0850912]
t_total_dis_1=[36.0984,92.2978,182.9,238.899]
t_total_dis_2=[12.4022,31.6045,64.7017,84.9926]
t_total_dis_3=[8.20118,19.6013,43.896,46.6043]
t_total_dis_4=[5.70461,15.5022,28.7034,34.3008]
t_total_dis_5=[3.39688,12.7978,22.903,26.4039]
t_total_dis_6=[3.79689,10.498,19.6018,25.0968]
t_total_dis_7=[3.70629,7.99082,14.9019,19.4008]
