t_num_prod=[31,97,161,177]
t_ocioso_seq=[57.7093,176.542,278.807,319.16]
t_medProd_seq=[1.91109,1.88163,1.76885,1.84392]
t_total_seq=[59.2437,182.518,284.785,326.374]
t_ocioso_par_5_5=[26.8385,122.155,137.654,190.09]
t_medProd_par_5_5=[0.224878,0.263581,0.172209,0.213907]
t_total_par_5_5=[6.97122,25.5674,27.7257,37.8616]
t_ocioso_dis_4=[38.269,91.241,126.581,137.961]
t_medProd_dis_4=[0.725998,0.525159,0.477151,0.40465]
t_total_dis_4=[22.5059,50.9405,76.8213,71.623]
t_ocioso_dis_8=[55.0363,85.8986,140.049,215.347]
t_medProd_dis_8=[0.441313,0.244488,0.196114,0.232241]
t_total_dis_8=[13.6807,23.7153,31.5744,41.1066]
t_ocioso_dis_16=[78.2006,159.372,293.57,357.53]
t_medProd_dis_16=[0.431269,0.226975,0.297398,0.228921]
t_total_dis_16=[13.3693,22.0166,47.8811,40.519]
